25
0;313;82
1;492;269
2;175;147
3;141;6
4;162;341
5;167;13
6;198;204
7;295;221
8;74;441
9;139;199
10;305;348
11;335;296
12;147;250
13;243;124
14;88;426
15;149;323
16;375;275
17;159;209
18;84;39
19;424;233
20;264;257
21;139;163
22;49;156
23;3;204
24;201;33
-1.0;258.8628980754098;152.5417975507041;188.04254837669055;299.8032688280767;161.48374531202822;167.6573887426379;140.1606221447379;431.2794917452023;209.67832506007863;266.12027356065903;215.1278689523977;236.1778990506944;81.6333265278342;411.04865892008456;291.50814739900494;202.71408436514716;199.6121238802894;233.00214591286493;187.40864441108366;181.7305698004604;191.92967462067975;274.1751265158822;333.14261210478617;122.24974437601087;
258.8628980754098;-1.0;339.66601242985735;438.60004559963284;337.7632306809017;413.7160862233906;301.09965127844305;202.76340892774513;452.00442475710344;359.87358891699733;203.00246303924493;159.3047394147456;345.52279230175253;288.1423259432741;433.4339626748232;347.224711102191;117.15374513859982;338.3622319349487;468.3631070013948;76.94153624668537;228.31557108528537;368.57156699886656;457.1848641414105;493.30112507473564;374.6691874173802;
152.5417975507041;339.66601242985735;-1.0;145.04137340772803;194.4350791395421;134.23859355639868;61.465437442517235;140.98226838861686;310.8649224341659;63.245553203367585;239.3762728425689;218.6343980255623;106.7379969832674;71.78439941937245;292.2498930709813;177.9100896520487;237.45315327449327;64.03124237432849;141.2267680009707;263.4331034627197;141.4955829699288;39.395431207184416;126.3210196285638;181.19878586789702;116.92732785794773;
188.04254837669055;438.60004559963284;145.04137340772803;-1.0;335.65756359718756;26.92582403567252;206.0412580043133;264.46360808247323;440.12952638967545;193.01036241611484;379.2888081660201;348.9068643635433;244.07375934335914;155.97435686676192;423.33083988766987;317.10093030453254;356.534710792652;203.79646709401024;65.86349520030045;362.79195139914555;279.5174413162799;157.01273833673497;175.96590578859303;241.3462243334252;65.79513659838392;
299.8032688280767;337.7632306809017;194.4350791395421;335.65756359718756;-1.0;328.03810754240124;141.65097952361643;179.13402803487674;133.2066064427737;143.85061696079026;143.17122615944868;178.7568180517879;92.22797840135064;231.62469643800938;112.69871339105873;22.20360331117452;222.9910312097776;132.03408650799233;311.91024349963243;283.3866616480035;132.13629327327143;179.47980387776224;216.78099547700208;209.88091861815357;310.4593371119638;
161.48374531202822;413.7160862233906;134.23859355639868;26.92582403567252;328.03810754240124;-1.0;193.49935400408964;244.22940035957996;437.98744274236907;188.09572031282372;362.3106401970552;329.1094043019737;237.8423847845459;134.52509059651288;420.4878119517854;310.5221409175198;334.52653108535355;196.16319736382766;86.97700845625813;338.3031185194721;262.5737991498771;152.5909564816998;185.39956850003725;251.7478897627545;39.44616584663204;
167.6573887426379;301.09965127844305;61.465437442517235;206.0412580043133;141.65097952361643;193.49935400408964;-1.0;98.47842403288143;267.47897113605023;59.21148537234985;179.4017837146554;165.0242406436097;68.6804193347711;91.7877987534291;247.7579463912308;128.69343417595164;190.70920271449933;39.319206502675;200.55173896029922;227.85302280198084;84.64632301523794;71.84705978674423;156.54072952429985;195.0;171.0263137648707;
140.1606221447379;202.76340892774513;140.98226838861686;264.46360808247323;179.13402803487674;244.22940035957996;98.47842403288143;-1.0;311.8348922106056;157.54364474646383;127.39309243440164;85.0;150.81445554057476;110.05907504608605;291.3314263858261;178.10109488714548;96.51942809610924;136.5283853270081;278.6485241303101;129.5569372901351;47.50789408087881;166.43316977093238;254.4425278918601;292.4944443916841;210.19038988498022;
431.2794917452023;452.00442475710344;310.8649224341659;440.12952638967545;133.2066064427737;437.98744274236907;267.47897113605023;311.8348922106056;-1.0;250.57733337235433;249.0180716333656;298.573274088623;204.47493733951845;359.23529893372114;20.518284528683193;139.8177385026664;343.7397271192261;247.08095839218367;402.1243588742169;407.1412531296724;264.4919658515169;285.49781084975064;286.09439001839934;247.40654801358835;427.3090216693301;
209.67832506007863;359.87358891699733;63.245553203367585;193.01036241611484;143.85061696079026;188.09572031282372;59.21148537234985;157.54364474646383;250.57733337235433;-1.0;223.06277143441037;218.68927728629038;51.62363799656123;128.22246293064254;232.65854809140367;124.4025723206719;247.93547547698776;22.360679774997898;169.1892431568863;287.020905161976;137.80058055030102;36.0;99.74467404327912;136.09188072769072;177.2004514666935;
266.12027356065903;203.00246303924493;239.3762728425689;379.2888081660201;143.17122615944868;362.3106401970552;179.4017837146554;127.39309243440164;249.0180716333656;223.06277143441037;-1.0;60.03332407921454;185.9247159470736;232.42202993692314;230.59271454232893;157.99050604387594;101.13851887386922;201.58620984581262;379.8973545577805;165.48715962273326;99.80981915623332;248.55784035109414;320.0;334.5743564590687;331.7242831026996;
215.1278689523977;159.3047394147456;218.6343980255623;348.9068643635433;178.7568180517879;329.1094043019737;165.0242406436097;85.0;298.573274088623;218.68927728629038;60.03332407921454;-1.0;193.54586019855861;195.05896544378575;279.12183719659055;187.94946129212502;45.17742799230607;196.32880583347927;359.23529893372114;109.04127658827184;81.00617260431454;236.86494041964082;318.4273857569415;344.5112480021516;295.16944286290885;
236.1778990506944;345.52279230175253;106.7379969832674;244.07375934335914;92.22797840135064;237.8423847845459;68.6804193347711;150.81445554057476;204.47493733951845;51.62363799656123;185.9247159470736;193.54586019855861;-1.0;158.40454538932903;185.62596801094398;73.02739212103907;229.36651891677653;42.720018726587654;220.20445045457188;277.5211703636319;117.2092146548214;87.36704184073076;135.79396157414365;151.16877984557524;223.61797781037194;
81.6333265278342;288.1423259432741;71.78439941937245;155.97435686676192;231.62469643800938;134.52509059651288;91.7877987534291;110.05907504608605;359.23529893372114;128.22246293064254;232.42202993692314;195.05896544378575;158.40454538932903;-1.0;339.4539733159711;220.0840748441377;200.5617112013158;119.50313803411188;180.29420401111068;211.28653530218153;134.6476884316994;111.07204868912791;196.6214637317096;252.98221281347034;100.22474744293447;
411.04865892008456;433.4339626748232;292.2498930709813;423.33083988766987;112.69871339105873;420.4878119517854;247.7579463912308;291.3314263858261;20.518284528683193;232.65854809140367;230.59271454232893;279.12183719659055;185.62596801094398;339.4539733159711;-1.0;119.70797801316336;324.29924452579286;228.31995094603536;387.02067128255567;387.48548359906334;244.00204917172314;267.89923478800756;272.8021260914218;237.71621736852538;408.92297563233103;
291.50814739900494;347.224711102191;177.9100896520487;317.10093030453254;22.20360331117452;310.5221409175198;128.69343417595164;178.10109488714548;139.8177385026664;124.4025723206719;157.99050604387594;187.94946129212502;73.02739212103907;220.0840748441377;119.70797801316336;-1.0;231.0411218809327;114.43775600735974;291.34343994674055;289.35272592460575;132.59336333316233;160.31219541881399;194.65096968677037;188.35339126227592;294.62518561725165;
202.71408436514716;117.15374513859982;237.45315327449327;356.534710792652;222.9910312097776;334.52653108535355;190.70920271449933;96.51942809610924;343.7397271192261;247.93547547698776;101.13851887386922;45.17742799230607;229.36651891677653;200.5617112013158;324.29924452579286;231.0411218809327;-1.0;225.85836269662454;374.6691874173802;64.53681120105021;112.44998888394787;261.2278698760911;347.0403434760864;378.71493236998197;298.0603965641863;
199.6121238802894;338.3622319349487;64.03124237432849;203.79646709401024;132.03408650799233;196.16319736382766;39.319206502675;136.5283853270081;247.08095839218367;22.360679774997898;201.58620984581262;196.32880583347927;42.720018726587654;119.50313803411188;228.31995094603536;114.43775600735974;225.85836269662454;-1.0;185.80904176062046;266.0845730214362;115.45128842936315;50.15974481593781;122.10241602851272;156.08010763707205;180.94197965093673;
233.00214591286493;468.3631070013948;141.2267680009707;65.86349520030045;311.91024349963243;86.97700845625813;200.55173896029922;278.6485241303101;402.1243588742169;169.1892431568863;379.8973545577805;359.23529893372114;220.20445045457188;180.29420401111068;387.02067128255567;291.34343994674055;374.6691874173802;185.80904176062046;-1.0;391.4537009660274;282.7083302628347;135.6502856613284;122.12288892750614;183.8096841844847;117.15374513859982;
187.40864441108366;76.94153624668537;263.4331034627197;362.79195139914555;283.3866616480035;338.3031185194721;227.85302280198084;129.5569372901351;407.1412531296724;287.020905161976;165.48715962273326;109.04127658827184;277.5211703636319;211.28653530218153;387.48548359906334;289.35272592460575;64.53681120105021;266.0845730214362;391.4537009660274;-1.0;161.78998732925348;293.47061181658376;382.8237192233522;421.99763032510026;299.54799281584246;
181.7305698004604;228.31557108528537;141.4955829699288;279.5174413162799;132.13629327327143;262.5737991498771;84.64632301523794;47.50789408087881;264.4919658515169;137.80058055030102;99.80981915623332;81.00617260431454;117.2092146548214;134.6476884316994;244.00204917172314;132.59336333316233;112.44998888394787;115.45128842936315;282.7083302628347;161.78998732925348;-1.0;156.40012787718558;237.54157530840786;266.32686683847726;232.69078194032525;
191.92967462067975;368.57156699886656;39.395431207184416;157.01273833673497;179.47980387776224;152.5909564816998;71.84705978674423;166.43316977093238;285.49781084975064;36.0;248.55784035109414;236.86494041964082;87.36704184073076;111.07204868912791;267.89923478800756;160.31219541881399;261.2278698760911;50.15974481593781;135.6502856613284;293.47061181658376;156.40012787718558;-1.0;90.27181176868004;142.04576727238302;144.02777509911067;
274.1751265158822;457.1848641414105;126.3210196285638;175.96590578859303;216.78099547700208;185.39956850003725;156.54072952429985;254.4425278918601;286.09439001839934;99.74467404327912;320.0;318.4273857569415;135.79396157414365;196.6214637317096;272.8021260914218;194.65096968677037;347.0403434760864;122.10241602851272;122.12288892750614;382.8237192233522;237.54157530840786;90.27181176868004;-1.0;66.48308055437865;195.5326059765992;
333.14261210478617;493.30112507473564;181.19878586789702;241.3462243334252;209.88091861815357;251.7478897627545;195.0;292.4944443916841;247.40654801358835;136.09188072769072;334.5743564590687;344.5112480021516;151.16877984557524;252.98221281347034;237.71621736852538;188.35339126227592;378.71493236998197;156.08010763707205;183.8096841844847;421.99763032510026;266.32686683847726;142.04576727238302;66.48308055437865;-1.0;261.6199533674754;
122.24974437601087;374.6691874173802;116.92732785794773;65.79513659838392;310.4593371119638;39.44616584663204;171.0263137648707;210.19038988498022;427.3090216693301;177.2004514666935;331.7242831026996;295.16944286290885;223.61797781037194;100.22474744293447;408.92297563233103;294.62518561725165;298.0603965641863;180.94197965093673;117.15374513859982;299.54799281584246;232.69078194032525;144.02777509911067;195.5326059765992;261.6199533674754;-1.0;
