30
0;538;387
1;423;39
2;556;289
3;147;167
4;213;201
5;221;214
6;217;165
7;68;344
8;376;178
9;596;202
10;514;276
11;548;260
12;626;16
13;3;218
14;599;450
15;536;401
16;528;6
17;398;137
18;478;222
19;53;100
20;530;74
21;574;405
22;407;307
23;77;121
24;656;430
25;305;293
26;53;339
27;88;166
28;184;213
29;255;360
-1.0;366.5092086155544;99.6393496566492;448.64351104189615;374.4609458942281;361.13432404023854;390.2883549377306;471.9629222725022;264.43335644354704;193.8788281375767;113.5649593844862;127.39309243440164;381.29384993728917;561.057929272905;87.69264507357501;14.142135623730951;381.1312110021954;286.53097563788805;175.57049866079439;563.5547888182657;313.1022197302344;40.24922359499622;153.4959282847594;532.2377288392847;125.59060474414477;251.24689052802225;487.36946970445325;501.339206525881;394.45151793344644;284.28506819739937;
366.5092086155544;-1.0;283.17662332897464;304.2367499169027;265.2244332636041;267.26204369494747;241.4787775354182;468.0277769534625;146.7310464761974;237.6930794112441;253.87004549572208;253.90155572583637;204.29880077964236;456.55339227739836;447.0984231687694;379.2268450413288;110.06361796706484;101.13851887386922;191.0863679072895;374.9946666287402;112.57886124845996;395.9254980422453;268.47718711279737;355.58402663786796;455.1593127686173;280.07141946296485;476.34021455258215;358.2652648527345;295.62983611266304;362.30512003006527;
99.6393496566492;283.17662332897464;-1.0;426.8079193267154;354.1087403609236;343.29287787543745;360.96675747220826;491.0896048584209;211.4734025829253;95.75489543621255;43.965895873961216;30.083217912982647;281.83150994876354;557.5392362874562;166.6433316997713;113.77170122662314;284.3817856333278;219.24415613648634;102.82509421342633;537.3360214986521;216.566387050253;117.38824472663352;150.08331019803634;507.6071315495873;172.86121600868137;251.03187048659777;505.47898076972496;483.8935833424535;379.68407920269715;309.2604080706096;
448.64351104189615;304.2367499169027;426.8079193267154;-1.0;74.24284477308234;87.66413177577246;70.02856560004639;193.82982226685345;229.2640399190418;450.3620765561861;382.8446159997552;411.6430492550554;502.236995849569;152.76452467768817;533.2851019857952;453.957046426201;413.6205991001899;252.7864711569826;335.538373364359;115.43396380615195;394.1294203684876;488.84864733371205;295.296461204668;83.7615663654877;572.9310604252487;202.08908926510605;196.01020381602586;59.00847396772772;59.033888572581766;221.16283593768642;
374.4609458942281;265.2244332636041;354.1087403609236;74.24284477308234;-1.0;15.264337522473747;36.22154055254967;203.6516633862832;164.61470165206995;383.0013054808038;310.20315923600776;340.15584663503876;452.5417107847629;210.68697159530296;459.34409760004536;379.90656746100086;370.4726710568541;195.757503049053;265.83077323741134;189.21152184790438;341.49377739572355;414.65286686576763;221.0701246211256;157.78466338652817;498.68827938903877;130.10764773832474;211.29126815843574;129.80754985747168;31.38470965295043;164.45364088398895;
361.13432404023854;267.26204369494747;343.29287787543745;87.66413177577246;15.264337522473747;-1.0;49.16299421312742;200.7710138441304;159.1257364476281;375.1919508731497;299.48789624958135;330.2196238868914;450.809272309255;218.03669415949233;445.6231591827337;366.3249923223912;370.8274531369003;193.02331465395574;257.12448347055556;203.02709178826356;339.2359061184414;401.3601873629222;207.95432190748045;171.42053552593984;485.67581780442805;115.31261856362468;209.40152817016403;141.39660533407442;37.013511046643494;149.90663761154806;
390.2883549377306;241.4787775354182;360.96675747220826;70.02856560004639;36.22154055254967;49.16299421312742;-1.0;232.89911979223967;159.53056133543816;380.8017857100988;317.0646621747684;344.363180377926;435.29530206516125;220.4654167891191;476.60151069840305;396.80851805373334;349.2878469113977;183.15294155431957;267.15164233071823;176.41145087550296;325.96012026013244;430.17322092385064;237.2003372678884;146.75149062275312;512.7826050091793;155.3319027115808;239.10667075596197;129.00387591076478;58.249463516842795;198.66806487203723;
471.9629222725022;468.0277769534625;491.0896048584209;193.82982226685345;203.6516633862832;200.7710138441304;232.89911979223967;-1.0;349.88569562072695;546.761373910045;451.1540756770352;487.29457210192686;647.2619253439832;141.77799547179387;541.4766846319424;471.45837568124716;570.8274695562575;389.5497400846264;427.76629133207774;244.4606307772276;535.1112033960792;509.6636145537564;341.0131962256006;223.1815404552984;594.2558371610666;242.42524621004307;15.811388300841896;179.12007146045917;174.9771413642365;187.6832437912346;
264.43335644354704;146.7310464761974;211.4734025829253;229.2640399190418;164.61470165206995;159.1257364476281;159.53056133543816;349.88569562072695;-1.0;221.30521909796886;169.2572007330855;190.5465822312224;297.89931184881914;375.1386410382167;351.728588545202;274.4612905311057;229.53866776645717;46.52956049652737;111.08555261599052;332.2845166419886;185.82787734890587;301.21918929576844;132.67252918370102;304.38462510448846;376.7014733180639;135.15176654413364;360.90164865237176;288.2498915871435;195.1640335717624;218.55205329623422;
193.8788281375767;237.6930794112441;95.75489543621255;450.3620765561861;383.0013054808038;375.1919508731497;380.8017857100988;546.761373910045;221.30521909796886;-1.0;110.45361017187261;75.28612089887484;188.403821617291;593.2158123313976;248.0181444975347;207.84850252046562;207.46083967823904;208.39625716408634;119.68291440301745;552.4970588157008;144.01388821915754;204.1886382735337;216.208232960727;525.2827809856325;235.762592452662;304.89670381950674;560.0160711979612;509.2739930528556;412.146818500398;375.8257574994029;
113.5649593844862;253.87004549572208;43.965895873961216;382.8446159997552;310.20315923600776;299.48789624958135;317.0646621747684;451.1540756770352;169.2572007330855;110.45361017187261;-1.0;37.57658845611187;283.09715646752795;514.2810515661646;193.65174928205528;126.92123541787639;270.36271932350434;181.04419349981927;64.89992295835181;493.45415187228895;202.63267258761604;142.2708684165525;111.40017953306898;463.67445476325304;209.4755355644186;209.69024774652732;465.2848589842571;439.9727264274457;335.9598190260258;272.28110474287416;
127.39309243440164;253.90155572583637;30.083217912982647;411.6430492550554;340.15584663503876;330.2196238868914;344.363180377926;487.29457210192686;190.5465822312224;75.28612089887484;37.57658845611187;-1.0;256.1640099623677;546.6159529322209;196.72569735548024;141.50971698084905;254.78618486880328;193.98195792392653;79.64923100695951;520.2163011671203;186.86893802876924;147.31259280862582;148.62705002791384;491.0824777977728;201.40506448448608;245.2305038122297;501.2644012893794;469.5061234957431;367.02179771779225;309.594896598765;
381.29384993728917;204.29880077964236;281.83150994876354;502.236995849569;452.5417107847629;450.809272309255;435.29530206516125;647.2619253439832;297.89931184881914;188.403821617291;283.09715646752795;256.1640099623677;-1.0;654.9297672269905;434.8390506842733;395.37956446938426;98.50888284819801;258.11818998280614;253.65330670030698;579.1243389808444;112.16059914247963;392.4601890638081;364.20049423360206;558.9508028440428;415.08553335427143;423.9929244692652;657.7674361048896;558.5194714600378;483.9142486019605;505.94169624572356;
561.057929272905;456.55339227739836;557.5392362874562;152.76452467768817;210.68697159530296;218.03669415949233;220.4654167891191;141.77799547179387;375.1386410382167;593.2158123313976;514.2810515661646;546.6159529322209;654.9297672269905;-1.0;639.5623503615578;563.540593036562;566.1881312779349;403.21954317716296;475.0168418066879;128.15615474880636;546.3195035874154;600.841077157679;413.6870798079147;122.00409829181969;686.5515275636636;311.1735849971845;130.92364186807515;99.64436762808022;181.06904760339356;289.25421345245775;
87.69264507357501;447.0984231687694;166.6433316997713;533.2851019857952;459.34409760004536;445.6231591827337;476.60151069840305;541.4766846319424;351.728588545202;248.0181444975347;193.65174928205528;196.72569735548024;434.8390506842733;639.5623503615578;-1.0;79.81227975693966;449.64096788437774;371.9811823197512;258.11818998280614;648.5491500264263;382.2786941486538;51.478150704935004;239.40133667128927;617.0291727301068;60.40695324215582;333.29416436535456;557.1687356627255;584.6169686213359;477.90584846808474;355.5784020437687;
14.142135623730951;379.2268450413288;113.77170122662314;453.957046426201;379.90656746100086;366.3249923223912;396.80851805373334;471.45837568124716;274.4612905311057;207.84850252046562;126.92123541787639;141.50971698084905;395.37956446938426;563.540593036562;79.81227975693966;-1.0;395.08100435227203;297.89259809535383;188.16216410320115;569.1133454769797;327.0550412392385;38.2099463490856;159.6151621870554;537.6625335654327;123.45444503945575;255.0;486.96303761168565;505.8942577258611;399.0588928967753;283.9753510430087;
381.1312110021954;110.06361796706484;284.3817856333278;413.6205991001899;370.4726710568541;370.8274531369003;349.2878469113977;570.8274695562575;229.53866776645717;207.46083967823904;270.36271932350434;254.78618486880328;98.50888284819801;566.1881312779349;449.64096788437774;395.08100435227203;-1.0;184.55622449540954;221.71152428324515;484.2117305477016;68.0294054067798;401.64287619725064;324.4102341172362;465.43098306838147;442.8995371413251;363.4528855298854;580.0982675374923;468.187996428785;401.47851748256716;447.04026664272646;
286.53097563788805;101.13851887386922;219.24415613648634;252.7864711569826;195.757503049053;193.02331465395574;183.15294155431957;389.5497400846264;46.52956049652737;208.39625716408634;181.04419349981927;193.98195792392653;258.11818998280614;403.21954317716296;371.9811823197512;297.89259809535383;184.55622449540954;-1.0;116.72617529928752;346.97838549396704;146.26346091898688;320.62439083762797;170.23806859806652;321.39850653044425;390.40107581818984;181.61773041198373;399.7861928581326;311.35349684883903;227.09469390542793;264.91130591199766;
175.57049866079439;191.0863679072895;102.82509421342633;335.538373364359;265.83077323741134;257.12448347055556;267.15164233071823;427.76629133207774;111.08555261599052;119.68291440301745;64.89992295835181;79.64923100695951;253.65330670030698;475.0168418066879;258.11818998280614;188.16216410320115;221.71152428324515;116.72617529928752;-1.0;442.16399672519697;156.86937240902063;206.65188119153427;110.75197515168747;413.5238808098028;273.76632371422164;187.00267377767625;440.8106169320335;394.0;294.1377228442486;262.24606765402604;
563.5547888182657;374.9946666287402;537.3360214986521;115.43396380615195;189.21152184790438;203.02709178826356;176.41145087550296;244.4606307772276;332.2845166419886;552.4970588157008;493.45415187228895;520.2163011671203;579.1243389808444;128.15615474880636;648.5491500264263;569.1133454769797;484.2117305477016;346.97838549396704;442.16399672519697;-1.0;477.7080698501963;603.7101953752314;410.07926063140525;31.89043743820395;687.3929007489094;317.4161306550126;239.0;74.70609078247904;173.0028901492689;329.24762717444145;
313.1022197302344;112.57886124845996;216.566387050253;394.1294203684876;341.49377739572355;339.2359061184414;325.96012026013244;535.1112033960792;185.82787734890587;144.01388821915754;202.63267258761604;186.86893802876924;112.16059914247963;546.3195035874154;382.2786941486538;327.0550412392385;68.0294054067798;146.26346091898688;156.86937240902063;477.7080698501963;-1.0;333.9116649654516;263.47295876427245;455.43166337003845;377.6400402499714;313.9840760293426;545.668397472311;451.4731442732779;372.87665520919916;396.76315353117155;
40.24922359499622;395.9254980422453;117.38824472663352;488.84864733371205;414.65286686576763;401.3601873629222;430.17322092385064;509.6636145537564;301.21918929576844;204.1886382735337;142.2708684165525;147.31259280862582;392.4601890638081;600.841077157679;51.478150704935004;38.2099463490856;401.64287619725064;320.62439083762797;206.65188119153427;603.7101953752314;333.9116649654516;-1.0;193.63109254456012;572.420300129197;85.72630868059116;291.38462553813645;525.1637839760087;541.5874813915108;434.69989648031896;322.158346159152;
153.4959282847594;268.47718711279737;150.08331019803634;295.296461204668;221.0701246211256;207.95432190748045;237.2003372678884;341.0131962256006;132.67252918370102;216.208232960727;111.40017953306898;148.62705002791384;364.20049423360206;413.6870798079147;239.40133667128927;159.6151621870554;324.4102341172362;170.23806859806652;110.75197515168747;410.07926063140525;263.47295876427245;193.63109254456012;-1.0;378.80865882395034;277.7228834647948;102.95630140987001;355.44338508403837;348.77213191423425;242.00206610688264;160.9751533622503;
532.2377288392847;355.58402663786796;507.6071315495873;83.7615663654877;157.78466338652817;171.42053552593984;146.75149062275312;223.1815404552984;304.38462510448846;525.2827809856325;463.67445476325304;491.0824777977728;558.9508028440428;122.00409829181969;617.0291727301068;537.6625335654327;465.43098306838147;321.39850653044425;413.5238808098028;31.89043743820395;455.43166337003845;572.420300129197;378.80865882395034;-1.0;656.2941413726013;285.60112044598145;219.31712199461307;46.32493928760188;141.1134295522577;298.00167784762556;
125.59060474414477;455.1593127686173;172.86121600868137;572.9310604252487;498.68827938903877;485.67581780442805;512.7826050091793;594.2558371610666;376.7014733180639;235.762592452662;209.4755355644186;201.40506448448608;415.08553335427143;686.5515275636636;60.40695324215582;123.45444503945575;442.8995371413251;390.40107581818984;273.76632371422164;687.3929007489094;377.6400402499714;85.72630868059116;277.7228834647948;656.2941413726013;-1.0;376.7890656587582;609.8278445594298;626.3545321940283;519.4930220898063;407.06387705125593;
251.24689052802225;280.07141946296485;251.03187048659777;202.08908926510605;130.10764773832474;115.31261856362468;155.3319027115808;242.42524621004307;135.15176654413364;304.89670381950674;209.69024774652732;245.2305038122297;423.9929244692652;311.1735849971845;333.29416436535456;255.0;363.4528855298854;181.61773041198373;187.00267377767625;317.4161306550126;313.9840760293426;291.38462553813645;102.95630140987001;285.60112044598145;376.7890656587582;-1.0;256.1640099623677;251.43189932862538;145.0551619212498;83.60023923410746;
487.36946970445325;476.34021455258215;505.47898076972496;196.01020381602586;211.29126815843574;209.40152817016403;239.10667075596197;15.811388300841896;360.90164865237176;560.0160711979612;465.2848589842571;501.2644012893794;657.7674361048896;130.92364186807515;557.1687356627255;486.96303761168565;580.0982675374923;399.7861928581326;440.8106169320335;239.0;545.668397472311;525.1637839760087;355.44338508403837;219.31712199461307;609.8278445594298;256.1640099623677;-1.0;176.50495743746123;181.76083186429358;203.08865059377396;
501.339206525881;358.2652648527345;483.8935833424535;59.00847396772772;129.80754985747168;141.39660533407442;129.00387591076478;179.12007146045917;288.2498915871435;509.2739930528556;439.9727264274457;469.5061234957431;558.5194714600378;99.64436762808022;584.6169686213359;505.8942577258611;468.187996428785;311.35349684883903;394.0;74.70609078247904;451.4731442732779;541.5874813915108;348.77213191423425;46.32493928760188;626.3545321940283;251.43189932862538;176.50495743746123;-1.0;106.88779163215975;255.9785147234041;
394.45151793344644;295.62983611266304;379.68407920269715;59.033888572581766;31.38470965295043;37.013511046643494;58.249463516842795;174.9771413642365;195.1640335717624;412.146818500398;335.9598190260258;367.02179771779225;483.9142486019605;181.06904760339356;477.90584846808474;399.0588928967753;401.47851748256716;227.09469390542793;294.1377228442486;173.0028901492689;372.87665520919916;434.69989648031896;242.00206610688264;141.1134295522577;519.4930220898063;145.0551619212498;181.76083186429358;106.88779163215975;-1.0;163.24827717314508;
284.28506819739937;362.30512003006527;309.2604080706096;221.16283593768642;164.45364088398895;149.90663761154806;198.66806487203723;187.6832437912346;218.55205329623422;375.8257574994029;272.28110474287416;309.594896598765;505.94169624572356;289.25421345245775;355.5784020437687;283.9753510430087;447.04026664272646;264.91130591199766;262.24606765402604;329.24762717444145;396.76315353117155;322.158346159152;160.9751533622503;298.00167784762556;407.06387705125593;83.60023923410746;203.08865059377396;255.9785147234041;163.24827717314508;-1.0;
