35
0;403;328
1;420;139
2;169;173
3;242;101
4;132;224
5;648;408
6;245;400
7;58;254
8;230;89
9;29;305
10;239;219
11;503;437
12;115;325
13;456;64
14;270;160
15;318;159
16;464;463
17;154;9
18;365;113
19;513;347
20;22;234
21;437;83
22;27;439
23;189;56
24;52;276
25;366;214
26;598;144
27;100;504
28;609;400
29;318;82
30;568;77
31;175;376
32;488;422
33;544;440
34;112;42
-1.0;189.76301009416983;280.67953256338444;278.29840100151495;290.27056344038743;257.73047937719747;173.63179432350518;352.8469923352047;295.0423698386386;374.70655185091175;196.91876497682998;147.92227688891217;288.01562457616774;269.2675249635574;214.27319011019554;189.1718795170149;148.14182393908885;404.675178383849;218.3323155192561;111.6288493177279;392.4245150344203;247.34793308212625;392.0420895771269;346.09247319177575;354.8309456628607;119.85407794480753;268.1063221932672;350.4069063246328;218.22007240398395;260.2710126003278;300.37643050013094;232.99785406737118;126.73200069437868;180.06943105369106;408.0159310615212;
189.76301009416983;-1.0;253.2923212416831;182.0109886792553;300.2815345638156;352.62586405424094;314.23876272668844;379.82759246795115;196.468827043885;424.77876594764007;197.89138435010253;309.3428518650463;357.2408151373524;83.19254774317228;151.46286673637206;103.94229168149026;326.9740050829729;296.0675598575433;60.83584469702052;227.8442450447235;409.18088909429775;58.52349955359813;494.4178394839733;245.45875417267155;392.674165180242;92.41753080449618;178.07021087200408;485.41219597368996;322.2452482194268;116.84605256490268;160.46183346827368;340.87241014784405;291.0549776245031;325.54108803651803;322.9133010577297;
280.67953256338444;253.2923212416831;-1.0;102.53292154230269;63.00793600809346;533.5410012360812;239.38462774372127;137.41178988718545;103.81233067415451;192.4162155328911;83.7615663654877;425.7370080225584;161.3071604114337;307.001628660175;101.83319694480774;149.6562728387955;413.67257583746107;164.68454693747074;204.9780476051033;385.50226977282506;159.15401345866212;282.7083302628347;301.5294347157504;118.69709347747316;155.87815754620658;201.2212712413874;429.97906925802795;338.11536492741646;495.10503936033615;174.59095051004218;410.3864032835396;203.08865059377396;404.675178383849;460.341177823579;142.86357128393507;
278.29840100151495;182.0109886792553;102.53292154230269;-1.0;165.01212076693034;509.0039292579184;299.015049788468;239.30106560565082;16.97056274847714;294.93219559756443;118.03812943282352;425.46092652557417;257.4975728040946;217.17504460687928;65.30696746902278;95.60334722173695;424.6504444834598;127.31064370271639;123.58397954427588;366.001366117669;257.07780923292466;195.82900704441107;400.5858210171698;69.52697318307479;258.3118270617898;167.7647161950331;358.5875067539303;427.28561876103436;473.38145295311267;78.33900688673555;326.88224179358537;283.0441661649291;404.42180950092194;454.00991178607546;142.76203977248295;
290.27056344038743;300.2815345638156;63.00793600809346;165.01212076693034;-1.0;547.8247895084705;209.15305400591214;79.84985911070852;166.82026255823962;131.03434664239754;107.11675872616759;427.79668067903475;102.42070103255493;361.3530129942187;152.11837495845134;197.03045449879062;409.0782321268146;216.12265036316762;258.08913189051566;400.3623358908777;110.45361017187261;336.0148806228677;239.26972228010797;177.40631330367023;95.4148835350125;234.21357774475842;472.8170893696631;281.82263926093657;508.43386983952985;234.00854685246006;460.11411627986377;157.96518603793686;407.3573369905101;465.1881339845203;183.09560344257315;
257.73047937719747;352.62586405424094;533.5410012360812;509.0039292579184;547.8247895084705;-1.0;403.07939664537554;609.7671686799806;525.8184097195533;627.5109560796528;450.5574325210938;147.87156589419075;539.4237666250904;393.9543120718442;452.09291080484775;413.4017416509031;192.04426573058618;635.0094487485993;408.79579254194874;148.14182393908885;649.732252547155;387.48677396783495;621.773270573768;578.4332286444132;610.4424624811088;342.28642976314444;268.69313351851775;556.3452165697122;39.81205847478876;463.8706716316521;340.5304685340212;474.0812166707304;160.61133210331082;108.81176406988355;649.0392900279612;
173.63179432350518;314.23876272668844;239.38462774372127;299.015049788468;209.15305400591214;403.07939664537554;-1.0;237.24459951703852;311.3615262038648;235.96821819897696;181.0994202089007;260.63959791251983;150.08331019803634;396.7581127084864;241.29857024027308;251.81342299408902;227.8815481779953;401.44987233775527;311.0771608459869;273.19040978775223;278.0017985553331;370.6116565894818;221.46105752479374;348.52833457267144;229.40139493908924;221.89411889457548;436.05618903989887;178.44046626256053;364.0;326.27135945405934;456.7909806465097;74.0;243.9938523815713;301.66372005927394;381.90705675595996;
352.8469923352047;379.82759246795115;137.41178988718545;239.30106560565082;79.84985911070852;609.7671686799806;237.24459951703852;-1.0;238.3463865889307;58.66856057549052;184.3529224069963;481.1590173736745;91.0494371207203;441.0260763265592;231.9051530259731;276.81221071332817;456.6366170162003;263.13684652666944;337.8313188560232;464.4071489544492;41.182520563948;415.79081278931596;187.57931655702342;237.41314201197878;22.80350850198276;310.5865418848666;551.0898293381941;253.50345165302977;570.01491208564;311.7434842943794;539.8416434474095;169.03549923019128;461.6535497534921;520.3767865691167;218.76928486421488;
295.0423698386386;196.468827043885;103.81233067415451;16.97056274847714;166.82026255823962;525.8184097195533;311.3615262038648;238.3463865889307;-1.0;295.05423230314796;130.31116606031887;442.3041939660984;262.5280937347468;227.37853900489378;81.49233092751734;112.44554237496477;441.1711685955917;110.34491379306978;137.11673858431726;382.9529997271206;253.5527558517162;207.0869382650678;404.6096884653159;52.630789467763066;258.17242300447197;184.7187050625897;372.08735533473856;434.8850422812907;490.2672740454945;88.2779700718135;338.21295066865787;292.22251795506793;421.25170622799857;470.9532885541835;127.01574705523721;
374.70655185091175;424.77876594764007;192.4162155328911;294.93219559756443;131.03434664239754;627.5109560796528;235.96821819897696;58.66856057549052;295.05423230314796;-1.0;226.92730113408567;492.03658400570174;88.29496021857646;490.3162244919089;281.2578887782528;323.7854227725516;462.8055747287407;321.3113754600045;386.98837191833036;485.8188962977871;71.34423592694787;464.4868135910857;134.01492454200763;295.9746610775997;37.013511046643494;349.07019351414124;591.3391581825103;211.28653530218153;587.7286788986904;365.0342449688796;585.2392673086795;162.34839081432253;473.67710520986765;532.4002253943926;275.7861490358064;
196.91876497682998;197.89138435010253;83.7615663654877;118.03812943282352;107.11675872616759;450.5574325210938;181.0994202089007;184.3529224069963;130.31116606031887;226.92730113408567;-1.0;342.37406443829826;163.1318485152424;266.67208327832145;66.64833081180653;99.20181449953424;331.90510692063776;226.55021518418383;164.6572197020222;302.42354405700627;217.51781536232843;240.20824298928628;305.522503262853;170.49633427144408;195.49424543960367;127.09838708654017;366.75059645486607;317.08989261721985;411.8992595283463;158.14550262337528;358.33643409511126;169.54350474140847;321.26313202731495;376.65103212390113;217.84857125994654;
147.92227688891217;309.3428518650463;425.7370080225584;425.46092652557417;427.79668067903475;147.87156589419075;260.63959791251983;481.1590173736745;442.3041939660984;492.03658400570174;342.37406443829826;-1.0;403.84155308734637;375.9494646890723;361.96408661633825;333.9296333061802;46.87216658103186;552.2544703304809;352.1647341799005;90.55385138137417;522.0823689802213;360.0999861149678;476.0042016621282;493.71753057796116;478.87576677046417;261.721225734559;308.01623333843946;408.53151653207857;112.27199116431488;400.3123780249619;365.8209944768069;333.6240399012038;21.213203435596427;41.10960958218893;555.7931269816136;
288.01562457616774;357.2408151373524;161.3071604114337;257.4975728040946;102.42070103255493;539.4237666250904;150.08331019803634;91.0494371207203;262.5280937347468;88.29496021857646;163.1318485152424;403.84155308734637;-1.0;429.4205397975276;226.38462845343543;262.23081436017395;375.2932186970609;318.3975502418321;327.7865158910598;398.6075764458072;130.11533345459327;402.8001986096829;144.01388821915754;278.9928314491252;79.81227975693966;274.4485379811669;515.8003489723519;179.62739212046696;499.66088500101745;316.63543705656195;516.4426396028895;78.74642849044012;385.40627913929995;444.14637226932297;283.01590061337544;
269.2675249635574;83.19254774317228;307.001628660175;217.17504460687928;361.3530129942187;393.9543120718442;396.7581127084864;441.0260763265592;227.37853900489378;490.3162244919089;266.67208327832145;375.9494646890723;429.4205397975276;-1.0;209.31316251014889;167.53805537847214;399.0801924425716;306.96742498187;103.3537614216338;288.68321738542403;466.10728378775633;26.870057685088806;569.7946998700497;267.1198233003309;456.24554792348385;174.92855684535903;162.9846618550347;565.9823318797152;369.1950703896248;139.16896205691842;112.75194011634566;419.88688953097835;359.42732227809284;386.16058835670947;344.70277051396033;
214.27319011019554;151.46286673637206;101.83319694480774;65.30696746902278;152.11837495845134;452.09291080484775;241.29857024027308;231.9051530259731;81.49233092751734;281.2578887782528;66.64833081180653;361.96408661633825;226.38462845343543;209.31316251014889;-1.0;48.010415536631214;359.784657816311;190.41270965983338;105.99056561788883;306.62354769325856;258.80494585691366;183.89671013914307;369.98648623970035;131.82184947875675;246.94128856876083;110.14535850411491;328.3900120283807;383.7134347400414;415.35647340567596;91.58602513484249;309.3428518650463;235.96821819897696;340.83427057735844;391.76013069223876;197.2004056790959;
189.1718795170149;103.94229168149026;149.6562728387955;95.60334722173695;197.03045449879062;413.4017416509031;251.81342299408902;276.81221071332817;112.44554237496477;323.7854227725516;99.20181449953424;333.9296333061802;262.23081436017395;167.53805537847214;48.010415536631214;-1.0;337.24175304964837;222.25210910135362;65.76473218982953;270.8671260969112;305.35389304870506;141.19844191774922;403.832886228945;165.07574019219177;290.5942188000305;73.0;280.40149785619906;408.1041533726409;377.83858987668265;77.0;263.10454196003536;259.8807418798092;313.15970366571753;360.60643366418185;236.90715480964266;
148.14182393908885;326.9740050829729;413.67257583746107;424.6504444834598;409.0782321268146;192.04426573058618;227.8815481779953;456.6366170162003;441.1711685955917;462.8055747287407;331.90510692063776;46.87216658103186;375.2932186970609;399.0801924425716;359.784657816311;337.24175304964837;-1.0;549.7417575553088;363.73204423036475;125.92458060283545;497.80016070708535;380.9580029347067;437.65854270195615;491.19649835885434;452.45220742085013;267.5911059807482;346.0014450836875;366.3017881474236;158.09490820390135;408.0159310615212;399.76493092816435;301.8111992620552;47.50789408087881;83.24061508662703;548.7667992872747;
404.675178383849;296.0675598575433;164.68454693747074;127.31064370271639;216.12265036316762;635.0094487485993;401.44987233775527;263.13684652666944;110.34491379306978;321.3113754600045;226.55021518418383;552.2544703304809;318.3975502418321;306.96742498187;190.41270965983338;222.25210910135362;549.7417575553088;-1.0;235.23817717368922;493.0770730829005;260.8620324999405;292.5149568825499;448.36257649362307;58.60034129593445;285.8198733468336;294.9050694715165;464.0700378175691;497.9367429704299;599.921661552573;179.51323071016242;419.5473751556551;367.6003264416396;531.1544031635245;581.258118222877;53.41348144429457;
218.3323155192561;60.83584469702052;204.9780476051033;123.58397954427588;258.08913189051566;408.79579254194874;311.0771608459869;337.8313188560232;137.11673858431726;386.98837191833036;164.6572197020222;352.1647341799005;327.7865158910598;103.3537614216338;105.99056561788883;65.76473218982953;363.73204423036475;235.23817717368922;-1.0;276.87542325024083;363.7169228947149;78.0;469.5955706775778;185.0;352.8994190984168;101.00495037373169;235.05318547086316;472.3409785313995;376.70280062670093;56.302753041036986;206.1674077054858;324.45184542548066;332.58081724597406;372.7868023414992;262.77366686941826;
111.6288493177279;227.8442450447235;385.50226977282506;366.001366117669;400.3623358908777;148.14182393908885;273.19040978775223;464.4071489544492;382.9529997271206;485.8188962977871;302.42354405700627;90.55385138137417;398.6075764458072;288.68321738542403;306.62354769325856;270.8671260969112;125.92458060283545;493.0770730829005;276.87542325024083;-1.0;503.8352905464245;274.7216773390844;494.631175725914;435.4962686407313;466.4354188952636;198.23723161908813;220.0772591614136;441.83481076076384;109.65856099730654;329.013677527242;275.54491466909707;339.2418016695466;79.05694150420949;98.03060746521976;503.8114726760398;
392.4245150344203;409.18088909429775;159.15401345866212;257.07780923292466;110.45361017187261;649.732252547155;278.0017985553331;41.182520563948;253.5527558517162;71.34423592694787;217.51781536232843;522.0823689802213;130.11533345459327;466.10728378775633;258.80494585691366;305.35389304870506;497.80016070708535;260.8620324999405;363.7169228947149;503.8352905464245;-1.0;441.61748153803876;205.0609665440988;244.07580789582568;51.61395160225576;344.58090486850836;582.9888506652593;281.04092228712886;610.0204914590985;332.74614948936676;568.1241061599129;208.7414668914636;502.4937810560445;561.1773338259485;212.0471645648675;
247.34793308212625;58.52349955359813;282.7083302628347;195.82900704441107;336.0148806228677;387.48677396783495;370.6116565894818;415.79081278931596;207.0869382650678;464.4868135910857;240.20824298928628;360.0999861149678;402.8001986096829;26.870057685088806;183.89671013914307;141.19844191774922;380.9580029347067;292.5149568825499;78.0;274.7216773390844;441.61748153803876;-1.0;542.9880293339808;249.46542846655126;430.6669246645254;149.00335566691106;172.16852209390657;539.2680224155703;360.6563461246731;119.00420160649792;131.13733259449805;393.0559756574119;342.8148188162233;372.6902198877776;327.5759453928203;
392.0420895771269;494.4178394839733;301.5294347157504;400.5858210171698;239.26972228010797;621.773270573768;221.46105752479374;187.57931655702342;404.6096884653159;134.01492454200763;305.522503262853;476.0042016621282;144.01388821915754;569.7946998700497;369.98648623970035;403.832886228945;437.65854270195615;448.36257649362307;469.5955706775778;494.631175725914;205.0609665440988;542.9880293339808;-1.0;415.8521371833984;164.90603384958357;406.8734446974882;642.7021082896804;97.74456506629922;583.3052374186263;460.575726672607;650.9416256470314;160.85086260259843;461.31334253411745;517.0009671170839;405.9975369383415;
346.09247319177575;245.45875417267155;118.69709347747316;69.52697318307479;177.40631330367023;578.4332286444132;348.52833457267144;237.41314201197878;52.630789467763066;295.9746610775997;170.49633427144408;493.71753057796116;278.9928314491252;267.1198233003309;131.82184947875675;165.07574019219177;491.19649835885434;58.60034129593445;185.0;435.4962686407313;244.07580789582568;249.46542846655126;415.8521371833984;-1.0;259.16982849089516;237.26145915424192;418.35989291517893;456.75485766437123;542.8959384633486;131.59407281484982;379.5813483299726;320.30610359467084;472.60660173129196;522.9541088852826;78.26237921249263;
354.8309456628607;392.674165180242;155.87815754620658;258.3118270617898;95.4148835350125;610.4424624811088;229.40139493908924;22.80350850198276;258.17242300447197;37.013511046643494;195.49424543960367;478.87576677046417;79.81227975693966;456.24554792348385;246.94128856876083;290.5942188000305;452.45220742085013;285.8198733468336;352.8994190984168;466.4354188952636;51.61395160225576;430.6669246645254;164.90603384958357;259.16982849089516;-1.0;320.0624938976762;561.7294722551061;232.99785406737118;570.6356105256664;329.2294033041399;553.0433979354603;158.52129194527782;459.795606764571;518.6135362676142;241.56986567036876;
119.85407794480753;92.41753080449618;201.2212712413874;167.7647161950331;234.21357774475842;342.28642976314444;221.89411889457548;310.5865418848666;184.7187050625897;349.07019351414124;127.09838708654017;261.721225734559;274.4485379811669;174.92855684535903;110.14535850411491;73.0;267.5911059807482;294.9050694715165;101.00495037373169;198.23723161908813;344.58090486850836;149.00335566691106;406.8734446974882;237.26145915424192;320.0624938976762;-1.0;242.33035303073365;393.517471022571;306.01470552899906;140.4563989286355;244.07580789582568;250.44959572736389;241.1389640850271;287.6803781977492;306.75723300355935;
268.1063221932672;178.07021087200408;429.97906925802795;358.5875067539303;472.8170893696631;268.69313351851775;436.05618903989887;551.0898293381941;372.08735533473856;591.3391581825103;366.75059645486607;308.01623333843946;515.8003489723519;162.9846618550347;328.3900120283807;280.40149785619906;346.0014450836875;464.0700378175691;235.05318547086316;220.0772591614136;582.9888506652593;172.16852209390657;642.7021082896804;418.35989291517893;561.7294722551061;242.33035303073365;-1.0;614.4949145436437;256.236219141635;286.7821472825671;73.40980860893181;482.444815497068;298.97157055479374;300.8853602287755;496.58836071740546;
350.4069063246328;485.41219597368996;338.11536492741646;427.28561876103436;281.82263926093657;556.3452165697122;178.44046626256053;253.50345165302977;434.8850422812907;211.28653530218153;317.08989261721985;408.53151653207857;179.62739212046696;565.9823318797152;383.7134347400414;408.1041533726409;366.3017881474236;497.9367429704299;472.3409785313995;441.83481076076384;281.04092228712886;539.2680224155703;97.74456506629922;456.75485766437123;232.99785406737118;393.517471022571;614.4949145436437;-1.0;519.5161210203203;474.98210492606984;633.524269464083;148.35430563350698;396.57029641666304;448.5888986588946;462.1558178796411;
218.22007240398395;322.2452482194268;495.10503936033615;473.38145295311267;508.43386983952985;39.81205847478876;364.0;570.01491208564;490.2672740454945;587.7286788986904;411.8992595283463;112.27199116431488;499.66088500101745;369.1950703896248;415.35647340567596;377.83858987668265;158.09490820390135;599.921661552573;376.70280062670093;109.65856099730654;610.0204914590985;360.6563461246731;583.3052374186263;542.8959384633486;570.6356105256664;306.01470552899906;256.236219141635;519.5161210203203;-1.0;431.0510410612646;325.59176893772974;434.66308791982783;122.98373876248843;76.32168761236873;612.5136733167677;
260.2710126003278;116.84605256490268;174.59095051004218;78.33900688673555;234.00854685246006;463.8706716316521;326.27135945405934;311.7434842943794;88.2779700718135;365.0342449688796;158.14550262337528;400.3123780249619;316.63543705656195;139.16896205691842;91.58602513484249;77.0;408.0159310615212;179.51323071016242;56.302753041036986;329.013677527242;332.74614948936676;119.00420160649792;460.575726672607;131.59407281484982;329.2294033041399;140.4563989286355;286.7821472825671;474.98210492606984;431.0510410612646;-1.0;250.04999500099976;326.93271479006194;380.13155617496426;423.3674526932839;209.84756372185979;
300.37643050013094;160.46183346827368;410.3864032835396;326.88224179358537;460.11411627986377;340.5304685340212;456.7909806465097;539.8416434474095;338.21295066865787;585.2392673086795;358.33643409511126;365.8209944768069;516.4426396028895;112.75194011634566;309.3428518650463;263.10454196003536;399.76493092816435;419.5473751556551;206.1674077054858;275.54491466909707;568.1241061599129;131.13733259449805;650.9416256470314;379.5813483299726;553.0433979354603;244.07580789582568;73.40980860893181;633.524269464083;325.59176893772974;250.04999500099976;-1.0;493.81170500505556;354.1539213392956;363.79252328765637;457.3412292807199;
232.99785406737118;340.87241014784405;203.08865059377396;283.0441661649291;157.96518603793686;474.0812166707304;74.0;169.03549923019128;292.22251795506793;162.34839081432253;169.54350474140847;333.6240399012038;78.74642849044012;419.88688953097835;235.96821819897696;259.8807418798092;301.8111992620552;367.6003264416396;324.45184542548066;339.2418016695466;208.7414668914636;393.0559756574119;160.85086260259843;320.30610359467084;158.52129194527782;250.44959572736389;482.444815497068;148.35430563350698;434.66308791982783;326.93271479006194;493.81170500505556;-1.0;316.36213427020624;374.50901190759083;339.8896879871468;
126.73200069437868;291.0549776245031;404.675178383849;404.42180950092194;407.3573369905101;160.61133210331082;243.9938523815713;461.6535497534921;421.25170622799857;473.67710520986765;321.26313202731495;21.213203435596427;385.40627913929995;359.42732227809284;340.83427057735844;313.15970366571753;47.50789408087881;531.1544031635245;332.58081724597406;79.05694150420949;502.4937810560445;342.8148188162233;461.31334253411745;472.60660173129196;459.795606764571;241.1389640850271;298.97157055479374;396.57029641666304;122.98373876248843;380.13155617496426;354.1539213392956;316.36213427020624;-1.0;58.82176467941097;534.5802091361033;
180.06943105369106;325.54108803651803;460.341177823579;454.00991178607546;465.1881339845203;108.81176406988355;301.66372005927394;520.3767865691167;470.9532885541835;532.4002253943926;376.65103212390113;41.10960958218893;444.14637226932297;386.16058835670947;391.76013069223876;360.60643366418185;83.24061508662703;581.258118222877;372.7868023414992;98.03060746521976;561.1773338259485;372.6902198877776;517.0009671170839;522.9541088852826;518.6135362676142;287.6803781977492;300.8853602287755;448.5888986588946;76.32168761236873;423.3674526932839;363.79252328765637;374.50901190759083;58.82176467941097;-1.0;587.390840922805;
408.0159310615212;322.9133010577297;142.86357128393507;142.76203977248295;183.09560344257315;649.0392900279612;381.90705675595996;218.76928486421488;127.01574705523721;275.7861490358064;217.84857125994654;555.7931269816136;283.01590061337544;344.70277051396033;197.2004056790959;236.90715480964266;548.7667992872747;53.41348144429457;262.77366686941826;503.8114726760398;212.0471645648675;327.5759453928203;405.9975369383415;78.26237921249263;241.56986567036876;306.75723300355935;496.58836071740546;462.1558178796411;612.5136733167677;209.84756372185979;457.3412292807199;339.8896879871468;534.5802091361033;587.390840922805;-1.0;
