Soluzione Ottima (Opt = 1)

z = -467.657143

X1 = 80.000000

X2 = 30.000000

X3 = 50.000000

X4 = 88.000000

X5 = 80.000000

X6 = 0.000000

X7 = 0.000000

X8 = 0.000000

X9 = 0.000000

X10 = 0.000000

X11 = 0.000000

X12 = 0.000000

X13 = 21.428571

X14 = 58.571429

X15 = 88.000000

X16 = 500.000000

X17 = 476.000000

X18 = 24.000000

X19 = 0.000000

X20 = 200.000000

X21 = 360.000000

X22 = 0.000000

X23 = 0.000000

X24 = 0.000000

X25 = 0.000000

X26 = 0.000000

X27 = 0.000000

X28 = 0.000000

X29 = 340.000000

X30 = 24.000000

X31 = 144.000000

X32 = 0.000000

X33 = 0.000000

X34 = 0.000000

X35 = 0.000000

X36 = 0.000000

X37 = 0.000000

X38 = 0.000000

X39 = 0.000000

X40 = 0.000000

X41 = 140.000000

X42 = 0.000000

X43 = 0.000000

X44 = 0.000000

X45 = 0.000000

X46 = 0.000000

X47 = 22.571429

X48 = 0.000000

X49 = 0.000000

X50 = 22.000000

X51 = 68.000000

X52 = 8064.571429

0.000000 secondi

